# LabData for 60mm column 
# 3_c60_wd0hi1st1 
# NSW - number of saturation data series 
# NRH - number of relative humidity data series 
# NTP - number of temperature series 
# NAET - number of accumulative evaporation data series 
# NET - number of evaporation data series 
# [NSW] [NRH]   [NTEMP]  [NEVAP]  [NGWTK] 
  2    2     4   1     2  
#
# 1. Saturation 
200 200 
7.35394958333E+05 7.35395027778E+05 7.35395097222E+05 7.35395166667E+05 7.35395236111E+05 7.35395305556E+05 7.35395375000E+05 7.35395444444E+05 7.35395513889E+05 7.35395583333E+05
7.35395652778E+05 7.35395722222E+05 7.35395791667E+05 7.35395861111E+05 7.35395930556E+05 7.35396000000E+05 7.35396069444E+05 7.35396138889E+05 7.35396208333E+05 7.35396277778E+05
7.35396347222E+05 7.35396416667E+05 7.35396486111E+05 7.35396555556E+05 7.35396625000E+05 7.35396694444E+05 7.35396763889E+05 7.35396833333E+05 7.35396902778E+05 7.35396972222E+05
7.35397041667E+05 7.35397111111E+05 7.35397180556E+05 7.35397250000E+05 7.35397319444E+05 7.35397388889E+05 7.35397458333E+05 7.35397527778E+05 7.35397597222E+05 7.35397666667E+05
7.35397736111E+05 7.35397805556E+05 7.35397875000E+05 7.35397944444E+05 7.35398013889E+05 7.35398083333E+05 7.35398152778E+05 7.35398222222E+05 7.35398291667E+05 7.35398361111E+05
7.35398430556E+05 7.35398500000E+05 7.35398569444E+05 7.35398638889E+05 7.35398708333E+05 7.35398777778E+05 7.35398847222E+05 7.35398916667E+05 7.35398986111E+05 7.35399055556E+05
7.35399125000E+05 7.35399194444E+05 7.35399263889E+05 7.35399333333E+05 7.35399402778E+05 7.35399472222E+05 7.35399541667E+05 7.35399611111E+05 7.35399680556E+05 7.35399750000E+05
7.35399819444E+05 7.35399888889E+05 7.35399958333E+05 7.35400027778E+05 7.35400097222E+05 7.35400166667E+05 7.35400236111E+05 7.35400305556E+05 7.35400375000E+05 7.35400444444E+05
7.35400513889E+05 7.35400583333E+05 7.35400652778E+05 7.35400722222E+05 7.35400791667E+05 7.35400861111E+05 7.35400930556E+05 7.35401000000E+05 7.35401069444E+05 7.35401138889E+05
7.35401208333E+05 7.35401277778E+05 7.35401347222E+05 7.35401416667E+05 7.35401486111E+05 7.35401555556E+05 7.35401625000E+05 7.35401694444E+05 7.35401763889E+05 7.35401833333E+05
7.35401902778E+05 7.35401972222E+05 7.35402041667E+05 7.35402111111E+05 7.35402180556E+05 7.35402250000E+05 7.35402319444E+05 7.35402388889E+05 7.35402458333E+05 7.35402527778E+05
7.35402597222E+05 7.35402666667E+05 7.35402736111E+05 7.35402805556E+05 7.35402875000E+05 7.35402944444E+05 7.35403013889E+05 7.35403083333E+05 7.35403152778E+05 7.35403222222E+05
7.35403291667E+05 7.35403361111E+05 7.35403430556E+05 7.35403500000E+05 7.35403569444E+05 7.35403638889E+05 7.35403708333E+05 7.35403777778E+05 7.35403847222E+05 7.35403916667E+05
7.35403986111E+05 7.35404055556E+05 7.35404125000E+05 7.35404194444E+05 7.35404263889E+05 7.35404333333E+05 7.35404402778E+05 7.35404472222E+05 7.35404541667E+05 7.35404611111E+05
7.35404680556E+05 7.35404750000E+05 7.35404819444E+05 7.35404888889E+05 7.35404958333E+05 7.35405027778E+05 7.35405097222E+05 7.35405166667E+05 7.35405236111E+05 7.35405305556E+05
7.35405375000E+05 7.35405444444E+05 7.35405513889E+05 7.35405583333E+05 7.35405652778E+05 7.35405722222E+05 7.35405791667E+05 7.35405861111E+05 7.35405930556E+05 7.35406000000E+05
7.35406069444E+05 7.35406138889E+05 7.35406208333E+05 7.35406277778E+05 7.35406347222E+05 7.35406416667E+05 7.35406486111E+05 7.35406555556E+05 7.35406625000E+05 7.35406694444E+05
7.35406763889E+05 7.35406833333E+05 7.35406902778E+05 7.35406972222E+05 7.35407041667E+05 7.35407111111E+05 7.35407180556E+05 7.35407250000E+05 7.35407319444E+05 7.35407388889E+05
7.35407458333E+05 7.35407527778E+05 7.35407597222E+05 7.35407666667E+05 7.35407736111E+05 7.35407805556E+05 7.35407875000E+05 7.35407944444E+05 7.35408013889E+05 7.35408083333E+05
7.35408152778E+05 7.35408222222E+05 7.35408291667E+05 7.35408361111E+05 7.35408430556E+05 7.35408500000E+05 7.35408569444E+05 7.35408638889E+05 7.35408708333E+05 7.35408777778E+05

9.937E-01 9.925E-01 9.402E-01 9.116E-01 8.983E-01 8.791E-01 8.612E-01 8.508E-01 8.429E-01 8.310E-01
8.171E-01 8.101E-01 7.965E-01 7.755E-01 7.626E-01 7.527E-01 7.394E-01 7.261E-01 7.137E-01 7.014E-01
6.877E-01 6.771E-01 6.677E-01 6.597E-01 6.488E-01 6.392E-01 6.315E-01 6.231E-01 6.115E-01 6.029E-01
6.120E-01 6.045E-01 5.978E-01 5.908E-01 5.821E-01 5.741E-01 5.679E-01 5.615E-01 5.565E-01 5.491E-01
5.427E-01 5.349E-01 5.282E-01 5.208E-01 5.140E-01 5.083E-01 5.010E-01 4.917E-01 4.846E-01 4.789E-01
4.746E-01 4.701E-01 4.644E-01 4.576E-01 4.516E-01 4.458E-01 4.391E-01 4.332E-01 4.279E-01 4.233E-01
4.159E-01 4.091E-01 4.061E-01 4.013E-01 3.976E-01 3.952E-01 3.940E-01 3.894E-01 3.869E-01 3.818E-01
3.750E-01 3.699E-01 3.638E-01 3.587E-01 3.537E-01 3.492E-01 3.433E-01 3.380E-01 3.345E-01 3.308E-01
3.272E-01 3.238E-01 3.200E-01 3.150E-01 3.107E-01 3.064E-01 3.020E-01 2.983E-01 2.957E-01 2.927E-01
2.892E-01 2.864E-01 2.839E-01 2.823E-01 2.810E-01 2.797E-01 2.759E-01 2.732E-01 2.703E-01 2.675E-01
2.636E-01 2.603E-01 2.574E-01 2.551E-01 2.536E-01 2.531E-01 2.510E-01 2.489E-01 2.477E-01 2.464E-01
2.457E-01 2.442E-01 2.413E-01 2.387E-01 2.353E-01 2.328E-01 2.307E-01 2.299E-01 2.276E-01 2.263E-01
2.239E-01 2.229E-01 2.216E-01 2.204E-01 2.193E-01 2.185E-01 2.158E-01 2.157E-01 2.133E-01 2.105E-01
2.084E-01 2.067E-01 2.057E-01 2.038E-01 2.030E-01 2.015E-01 2.012E-01 2.001E-01 1.987E-01 1.978E-01
1.972E-01 1.969E-01 1.952E-01 1.930E-01 1.913E-01 1.903E-01 1.883E-01 1.881E-01 1.871E-01 1.860E-01
1.862E-01 1.843E-01 1.864E-01 1.860E-01 1.871E-01 1.859E-01 1.858E-01 1.830E-01 1.815E-01 1.813E-01
1.803E-01 1.811E-01 1.814E-01 1.815E-01 1.807E-01 1.778E-01 1.754E-01 1.736E-01 1.736E-01 1.729E-01
1.730E-01 1.709E-01 1.708E-01 1.702E-01 1.691E-01 1.688E-01 1.670E-01 1.666E-01 1.663E-01 1.658E-01
1.666E-01 1.683E-01 1.673E-01 1.666E-01 1.656E-01 1.649E-01 1.641E-01 1.631E-01 1.610E-01 1.606E-01
1.604E-01 1.590E-01 1.587E-01 1.587E-01 1.602E-01 1.615E-01 1.619E-01 1.613E-01 1.616E-01 1.605E-01

7.35394958333E+05 7.35395027778E+05 7.35395097222E+05 7.35395166667E+05 7.35395236111E+05 7.35395305556E+05 7.35395375000E+05 7.35395444444E+05 7.35395513889E+05 7.35395583333E+05
7.35395652778E+05 7.35395722222E+05 7.35395791667E+05 7.35395861111E+05 7.35395930556E+05 7.35396000000E+05 7.35396069444E+05 7.35396138889E+05 7.35396208333E+05 7.35396277778E+05
7.35396347222E+05 7.35396416667E+05 7.35396486111E+05 7.35396555556E+05 7.35396625000E+05 7.35396694444E+05 7.35396763889E+05 7.35396833333E+05 7.35396902778E+05 7.35396972222E+05
7.35397041667E+05 7.35397111111E+05 7.35397180556E+05 7.35397250000E+05 7.35397319444E+05 7.35397388889E+05 7.35397458333E+05 7.35397527778E+05 7.35397597222E+05 7.35397666667E+05
7.35397736111E+05 7.35397805556E+05 7.35397875000E+05 7.35397944444E+05 7.35398013889E+05 7.35398083333E+05 7.35398152778E+05 7.35398222222E+05 7.35398291667E+05 7.35398361111E+05
7.35398430556E+05 7.35398500000E+05 7.35398569444E+05 7.35398638889E+05 7.35398708333E+05 7.35398777778E+05 7.35398847222E+05 7.35398916667E+05 7.35398986111E+05 7.35399055556E+05
7.35399125000E+05 7.35399194444E+05 7.35399263889E+05 7.35399333333E+05 7.35399402778E+05 7.35399472222E+05 7.35399541667E+05 7.35399611111E+05 7.35399680556E+05 7.35399750000E+05
7.35399819444E+05 7.35399888889E+05 7.35399958333E+05 7.35400027778E+05 7.35400097222E+05 7.35400166667E+05 7.35400236111E+05 7.35400305556E+05 7.35400375000E+05 7.35400444444E+05
7.35400513889E+05 7.35400583333E+05 7.35400652778E+05 7.35400722222E+05 7.35400791667E+05 7.35400861111E+05 7.35400930556E+05 7.35401000000E+05 7.35401069444E+05 7.35401138889E+05
7.35401208333E+05 7.35401277778E+05 7.35401347222E+05 7.35401416667E+05 7.35401486111E+05 7.35401555556E+05 7.35401625000E+05 7.35401694444E+05 7.35401763889E+05 7.35401833333E+05
7.35401902778E+05 7.35401972222E+05 7.35402041667E+05 7.35402111111E+05 7.35402180556E+05 7.35402250000E+05 7.35402319444E+05 7.35402388889E+05 7.35402458333E+05 7.35402527778E+05
7.35402597222E+05 7.35402666667E+05 7.35402736111E+05 7.35402805556E+05 7.35402875000E+05 7.35402944444E+05 7.35403013889E+05 7.35403083333E+05 7.35403152778E+05 7.35403222222E+05
7.35403291667E+05 7.35403361111E+05 7.35403430556E+05 7.35403500000E+05 7.35403569444E+05 7.35403638889E+05 7.35403708333E+05 7.35403777778E+05 7.35403847222E+05 7.35403916667E+05
7.35403986111E+05 7.35404055556E+05 7.35404125000E+05 7.35404194444E+05 7.35404263889E+05 7.35404333333E+05 7.35404402778E+05 7.35404472222E+05 7.35404541667E+05 7.35404611111E+05
7.35404680556E+05 7.35404750000E+05 7.35404819444E+05 7.35404888889E+05 7.35404958333E+05 7.35405027778E+05 7.35405097222E+05 7.35405166667E+05 7.35405236111E+05 7.35405305556E+05
7.35405375000E+05 7.35405444444E+05 7.35405513889E+05 7.35405583333E+05 7.35405652778E+05 7.35405722222E+05 7.35405791667E+05 7.35405861111E+05 7.35405930556E+05 7.35406000000E+05
7.35406069444E+05 7.35406138889E+05 7.35406208333E+05 7.35406277778E+05 7.35406347222E+05 7.35406416667E+05 7.35406486111E+05 7.35406555556E+05 7.35406625000E+05 7.35406694444E+05
7.35406763889E+05 7.35406833333E+05 7.35406902778E+05 7.35406972222E+05 7.35407041667E+05 7.35407111111E+05 7.35407180556E+05 7.35407250000E+05 7.35407319444E+05 7.35407388889E+05
7.35407458333E+05 7.35407527778E+05 7.35407597222E+05 7.35407666667E+05 7.35407736111E+05 7.35407805556E+05 7.35407875000E+05 7.35407944444E+05 7.35408013889E+05 7.35408083333E+05
7.35408152778E+05 7.35408222222E+05 7.35408291667E+05 7.35408361111E+05 7.35408430556E+05 7.35408500000E+05 7.35408569444E+05 7.35408638889E+05 7.35408708333E+05 7.35408777778E+05

1.026E+00 1.025E+00 1.023E+00 1.023E+00 1.023E+00 1.023E+00 1.023E+00 1.030E+00 1.046E+00 1.052E+00
1.053E+00 1.054E+00 1.054E+00 1.045E+00 1.044E+00 1.042E+00 1.046E+00 1.045E+00 1.045E+00 1.042E+00
1.042E+00 1.042E+00 1.042E+00 1.042E+00 1.042E+00 1.047E+00 1.050E+00 1.047E+00 1.054E+00 1.055E+00
1.064E+00 1.060E+00 1.060E+00 1.051E+00 1.065E+00 1.041E+00 1.044E+00 1.044E+00 1.069E+00 1.069E+00
1.071E+00 1.049E+00 1.049E+00 1.051E+00 1.052E+00 1.052E+00 1.049E+00 1.039E+00 1.040E+00 1.041E+00
1.058E+00 1.060E+00 1.058E+00 1.062E+00 1.063E+00 1.064E+00 1.063E+00 1.060E+00 1.060E+00 1.058E+00
1.054E+00 1.054E+00 1.052E+00 1.050E+00 1.051E+00 1.053E+00 1.046E+00 1.048E+00 1.047E+00 1.065E+00
1.073E+00 1.091E+00 1.103E+00 1.204E+00 9.687E-01 9.537E-01 9.406E-01 9.247E-01 9.202E-01 9.133E-01
9.018E-01 8.926E-01 8.789E-01 8.698E-01 8.473E-01 8.394E-01 8.192E-01 8.145E-01 7.953E-01 7.897E-01
7.760E-01 7.645E-01 7.548E-01 7.498E-01 7.441E-01 7.444E-01 7.310E-01 7.281E-01 7.157E-01 7.217E-01
7.163E-01 7.027E-01 6.924E-01 6.858E-01 6.791E-01 6.742E-01 6.643E-01 6.622E-01 6.580E-01 6.655E-01
6.683E-01 6.701E-01 6.706E-01 6.859E-01 6.808E-01 6.819E-01 6.718E-01 6.708E-01 6.734E-01 6.728E-01
6.649E-01 6.555E-01 6.564E-01 6.569E-01 6.575E-01 6.578E-01 6.573E-01 6.644E-01 6.612E-01 6.602E-01
6.635E-01 6.655E-01 6.677E-01 6.753E-01 7.139E-01 1.485E+00 1.774E+00 1.483E+00 7.926E-01 8.005E-01
8.176E-01 8.843E-01 8.428E-01 7.799E-01 8.088E-01 8.168E-01 8.457E-01 8.303E-01 8.506E-01 5.270E-01
5.255E-01 5.196E-01 5.140E-01 5.077E-01 5.026E-01 4.952E-01 4.720E-01 4.832E-01 4.779E-01 4.764E-01
4.712E-01 4.708E-01 4.662E-01 4.467E-01 4.622E-01 4.372E-01 4.502E-01 4.444E-01 4.432E-01 4.419E-01
4.231E-01 4.194E-01 4.267E-01 4.236E-01 4.190E-01 4.167E-01 4.307E-01 4.307E-01 4.283E-01 4.285E-01
4.323E-01 4.342E-01 4.330E-01 4.341E-01 4.322E-01 4.365E-01 4.350E-01 4.475E-01 4.321E-01 4.300E-01
4.290E-01 4.294E-01 4.276E-01 4.274E-01 4.319E-01 4.450E-01 4.471E-01 4.500E-01 4.491E-01 4.505E-01

#
# 2. Relative humidity 
134 134  
7.35394958333E+05 7.35395062500E+05 7.35395166667E+05 7.35395270833E+05 7.35395375000E+05 7.35395479167E+05 7.35395583333E+05 7.35395687500E+05 7.35395791667E+05 7.35395895833E+05
7.35396000000E+05 7.35396104167E+05 7.35396208333E+05 7.35396312500E+05 7.35396416667E+05 7.35396520833E+05 7.35396625000E+05 7.35396729167E+05 7.35396833333E+05 7.35396937500E+05
7.35397041667E+05 7.35397145833E+05 7.35397250000E+05 7.35397354167E+05 7.35397458333E+05 7.35397562500E+05 7.35397666667E+05 7.35397770833E+05 7.35397875000E+05 7.35397979167E+05
7.35398083333E+05 7.35398187500E+05 7.35398291667E+05 7.35398395833E+05 7.35398500000E+05 7.35398604167E+05 7.35398708333E+05 7.35398812500E+05 7.35398916667E+05 7.35399020833E+05
7.35399125000E+05 7.35399229167E+05 7.35399333333E+05 7.35399437500E+05 7.35399541667E+05 7.35399645833E+05 7.35399750000E+05 7.35399854167E+05 7.35399958333E+05 7.35400062500E+05
7.35400166667E+05 7.35400270833E+05 7.35400375000E+05 7.35400479167E+05 7.35400583333E+05 7.35400687500E+05 7.35400791667E+05 7.35400895833E+05 7.35401000000E+05 7.35401104167E+05
7.35401208333E+05 7.35401312500E+05 7.35401416667E+05 7.35401520833E+05 7.35401625000E+05 7.35401729167E+05 7.35401833333E+05 7.35401937500E+05 7.35402041667E+05 7.35402145833E+05
7.35402250000E+05 7.35402354167E+05 7.35402458333E+05 7.35402562500E+05 7.35402666667E+05 7.35402770833E+05 7.35402875000E+05 7.35402979167E+05 7.35403083333E+05 7.35403187500E+05
7.35403291667E+05 7.35403395833E+05 7.35403500000E+05 7.35403604167E+05 7.35403708333E+05 7.35403812500E+05 7.35403916667E+05 7.35404020833E+05 7.35404125000E+05 7.35404229167E+05
7.35404333333E+05 7.35404437500E+05 7.35404541667E+05 7.35404645833E+05 7.35404750000E+05 7.35404854167E+05 7.35404958333E+05 7.35405062500E+05 7.35405166667E+05 7.35405270833E+05
7.35405375000E+05 7.35405479167E+05 7.35405583333E+05 7.35405687500E+05 7.35405791667E+05 7.35405895833E+05 7.35406000000E+05 7.35406104167E+05 7.35406208333E+05 7.35406312500E+05
7.35406416667E+05 7.35406520833E+05 7.35406625000E+05 7.35406729167E+05 7.35406833333E+05 7.35406937500E+05 7.35407041667E+05 7.35407145833E+05 7.35407250000E+05 7.35407354167E+05
7.35407458333E+05 7.35407562500E+05 7.35407666667E+05 7.35407770833E+05 7.35407875000E+05 7.35407979167E+05 7.35408083333E+05 7.35408187500E+05 7.35408291667E+05 7.35408395833E+05
7.35408500000E+05 7.35408604167E+05 7.35408708333E+05 7.35408812500E+05 
4.645E-01 4.353E-01 4.148E-01 3.945E-01 3.849E-01 3.903E-01 3.806E-01 3.875E-01 3.655E-01 3.684E-01
3.581E-01 3.781E-01 3.799E-01 3.714E-01 3.838E-01 3.731E-01 3.903E-01 3.715E-01 3.515E-01 3.514E-01
3.507E-01 3.553E-01 3.625E-01 3.732E-01 3.740E-01 3.714E-01 3.594E-01 3.461E-01 3.492E-01 3.546E-01
3.484E-01 3.515E-01 3.361E-01 3.577E-01 3.482E-01 3.514E-01 3.437E-01 3.367E-01 3.328E-01 3.338E-01
3.447E-01 3.453E-01 3.391E-01 3.459E-01 3.435E-01 3.087E-01 2.864E-01 2.814E-01 2.712E-01 2.732E-01
2.792E-01 2.747E-01 2.670E-01 2.676E-01 2.597E-01 2.876E-01 2.780E-01 2.703E-01 2.601E-01 2.633E-01
2.747E-01 2.622E-01 2.522E-01 2.455E-01 2.623E-01 2.638E-01 2.874E-01 2.813E-01 2.709E-01 2.498E-01
2.388E-01 2.312E-01 2.327E-01 2.267E-01 2.219E-01 2.181E-01 2.204E-01 2.347E-01 2.311E-01 2.239E-01
2.201E-01 2.160E-01 2.253E-01 2.176E-01 2.038E-01 1.957E-01 2.131E-01 2.189E-01 2.157E-01 2.082E-01
2.039E-01 2.013E-01 1.977E-01 2.013E-01 2.095E-01 2.228E-01 2.302E-01 2.183E-01 2.204E-01 2.131E-01
2.178E-01 2.368E-01 2.458E-01 2.410E-01 2.340E-01 2.330E-01 2.560E-01 2.498E-01 2.542E-01 2.566E-01
2.772E-01 2.904E-01 2.931E-01 2.846E-01 2.847E-01 2.811E-01 2.774E-01 2.875E-01 2.978E-01 2.805E-01
2.737E-01 2.761E-01 2.831E-01 2.781E-01 2.717E-01 2.837E-01 2.761E-01 2.861E-01 2.648E-01 2.605E-01
2.487E-01 2.570E-01 2.618E-01 2.830E-01 
7.35394958333E+05 7.35395062500E+05 7.35395166667E+05 7.35395270833E+05 7.35395375000E+05 7.35395479167E+05 7.35395583333E+05 7.35395687500E+05 7.35395791667E+05 7.35395895833E+05
7.35396000000E+05 7.35396104167E+05 7.35396208333E+05 7.35396312500E+05 7.35396416667E+05 7.35396520833E+05 7.35396625000E+05 7.35396729167E+05 7.35396833333E+05 7.35396937500E+05
7.35397041667E+05 7.35397145833E+05 7.35397250000E+05 7.35397354167E+05 7.35397458333E+05 7.35397562500E+05 7.35397666667E+05 7.35397770833E+05 7.35397875000E+05 7.35397979167E+05
7.35398083333E+05 7.35398187500E+05 7.35398291667E+05 7.35398395833E+05 7.35398500000E+05 7.35398604167E+05 7.35398708333E+05 7.35398812500E+05 7.35398916667E+05 7.35399020833E+05
7.35399125000E+05 7.35399229167E+05 7.35399333333E+05 7.35399437500E+05 7.35399541667E+05 7.35399645833E+05 7.35399750000E+05 7.35399854167E+05 7.35399958333E+05 7.35400062500E+05
7.35400166667E+05 7.35400270833E+05 7.35400375000E+05 7.35400479167E+05 7.35400583333E+05 7.35400687500E+05 7.35400791667E+05 7.35400895833E+05 7.35401000000E+05 7.35401104167E+05
7.35401208333E+05 7.35401312500E+05 7.35401416667E+05 7.35401520833E+05 7.35401625000E+05 7.35401729167E+05 7.35401833333E+05 7.35401937500E+05 7.35402041667E+05 7.35402145833E+05
7.35402250000E+05 7.35402354167E+05 7.35402458333E+05 7.35402562500E+05 7.35402666667E+05 7.35402770833E+05 7.35402875000E+05 7.35402979167E+05 7.35403083333E+05 7.35403187500E+05
7.35403291667E+05 7.35403395833E+05 7.35403500000E+05 7.35403604167E+05 7.35403708333E+05 7.35403812500E+05 7.35403916667E+05 7.35404020833E+05 7.35404125000E+05 7.35404229167E+05
7.35404333333E+05 7.35404437500E+05 7.35404541667E+05 7.35404645833E+05 7.35404750000E+05 7.35404854167E+05 7.35404958333E+05 7.35405062500E+05 7.35405166667E+05 7.35405270833E+05
7.35405375000E+05 7.35405479167E+05 7.35405583333E+05 7.35405687500E+05 7.35405791667E+05 7.35405895833E+05 7.35406000000E+05 7.35406104167E+05 7.35406208333E+05 7.35406312500E+05
7.35406416667E+05 7.35406520833E+05 7.35406625000E+05 7.35406729167E+05 7.35406833333E+05 7.35406937500E+05 7.35407041667E+05 7.35407145833E+05 7.35407250000E+05 7.35407354167E+05
7.35407458333E+05 7.35407562500E+05 7.35407666667E+05 7.35407770833E+05 7.35407875000E+05 7.35407979167E+05 7.35408083333E+05 7.35408187500E+05 7.35408291667E+05 7.35408395833E+05
7.35408500000E+05 7.35408604167E+05 7.35408708333E+05 7.35408812500E+05 
6.536E-01 6.039E-01 5.895E-01 5.843E-01 5.734E-01 5.721E-01 5.668E-01 5.644E-01 5.415E-01 5.528E-01
5.390E-01 5.460E-01 5.537E-01 5.459E-01 5.459E-01 5.354E-01 5.417E-01 5.348E-01 5.163E-01 5.230E-01
5.230E-01 5.246E-01 5.209E-01 5.284E-01 5.227E-01 5.264E-01 5.255E-01 4.954E-01 5.019E-01 5.035E-01
5.035E-01 4.967E-01 4.967E-01 5.028E-01 4.992E-01 5.037E-01 4.913E-01 4.814E-01 4.880E-01 4.881E-01
4.996E-01 4.891E-01 4.857E-01 4.823E-01 4.647E-01 4.439E-01 4.092E-01 4.000E-01 3.948E-01 4.020E-01
4.027E-01 3.951E-01 3.820E-01 3.747E-01 3.775E-01 3.849E-01 3.836E-01 3.812E-01 3.784E-01 3.849E-01
3.935E-01 3.780E-01 3.681E-01 3.565E-01 3.613E-01 3.664E-01 3.956E-01 3.824E-01 3.779E-01 3.527E-01
3.484E-01 3.382E-01 3.296E-01 3.089E-01 3.080E-01 2.972E-01 2.941E-01 3.171E-01 3.250E-01 3.263E-01
3.137E-01 3.096E-01 3.095E-01 2.822E-01 2.778E-01 2.709E-01 2.838E-01 2.994E-01 3.000E-01 3.021E-01
2.899E-01 2.866E-01 2.749E-01 2.654E-01 2.850E-01 3.066E-01 3.096E-01 3.027E-01 3.055E-01 2.994E-01
3.067E-01 3.217E-01 3.315E-01 3.279E-01 3.198E-01 3.179E-01 3.414E-01 3.391E-01 3.502E-01 3.497E-01
3.781E-01 3.940E-01 3.989E-01 3.913E-01 3.887E-01 3.882E-01 3.867E-01 3.946E-01 4.009E-01 3.904E-01
3.820E-01 3.884E-01 3.856E-01 3.863E-01 3.704E-01 3.832E-01 3.765E-01 3.851E-01 3.678E-01 3.631E-01
3.610E-01 3.577E-01 3.585E-01 3.863E-01 
# 3. Temperature 
134 134 200 200 
7.35394958333E+05 7.35395062500E+05 7.35395166667E+05 7.35395270833E+05 7.35395375000E+05 7.35395479167E+05 7.35395583333E+05 7.35395687500E+05 7.35395791667E+05 7.35395895833E+05
7.35396000000E+05 7.35396104167E+05 7.35396208333E+05 7.35396312500E+05 7.35396416667E+05 7.35396520833E+05 7.35396625000E+05 7.35396729167E+05 7.35396833333E+05 7.35396937500E+05
7.35397041667E+05 7.35397145833E+05 7.35397250000E+05 7.35397354167E+05 7.35397458333E+05 7.35397562500E+05 7.35397666667E+05 7.35397770833E+05 7.35397875000E+05 7.35397979167E+05
7.35398083333E+05 7.35398187500E+05 7.35398291667E+05 7.35398395833E+05 7.35398500000E+05 7.35398604167E+05 7.35398708333E+05 7.35398812500E+05 7.35398916667E+05 7.35399020833E+05
7.35399125000E+05 7.35399229167E+05 7.35399333333E+05 7.35399437500E+05 7.35399541667E+05 7.35399645833E+05 7.35399750000E+05 7.35399854167E+05 7.35399958333E+05 7.35400062500E+05
7.35400166667E+05 7.35400270833E+05 7.35400375000E+05 7.35400479167E+05 7.35400583333E+05 7.35400687500E+05 7.35400791667E+05 7.35400895833E+05 7.35401000000E+05 7.35401104167E+05
7.35401208333E+05 7.35401312500E+05 7.35401416667E+05 7.35401520833E+05 7.35401625000E+05 7.35401729167E+05 7.35401833333E+05 7.35401937500E+05 7.35402041667E+05 7.35402145833E+05
7.35402250000E+05 7.35402354167E+05 7.35402458333E+05 7.35402562500E+05 7.35402666667E+05 7.35402770833E+05 7.35402875000E+05 7.35402979167E+05 7.35403083333E+05 7.35403187500E+05
7.35403291667E+05 7.35403395833E+05 7.35403500000E+05 7.35403604167E+05 7.35403708333E+05 7.35403812500E+05 7.35403916667E+05 7.35404020833E+05 7.35404125000E+05 7.35404229167E+05
7.35404333333E+05 7.35404437500E+05 7.35404541667E+05 7.35404645833E+05 7.35404750000E+05 7.35404854167E+05 7.35404958333E+05 7.35405062500E+05 7.35405166667E+05 7.35405270833E+05
7.35405375000E+05 7.35405479167E+05 7.35405583333E+05 7.35405687500E+05 7.35405791667E+05 7.35405895833E+05 7.35406000000E+05 7.35406104167E+05 7.35406208333E+05 7.35406312500E+05
7.35406416667E+05 7.35406520833E+05 7.35406625000E+05 7.35406729167E+05 7.35406833333E+05 7.35406937500E+05 7.35407041667E+05 7.35407145833E+05 7.35407250000E+05 7.35407354167E+05
7.35407458333E+05 7.35407562500E+05 7.35407666667E+05 7.35407770833E+05 7.35407875000E+05 7.35407979167E+05 7.35408083333E+05 7.35408187500E+05 7.35408291667E+05 7.35408395833E+05
7.35408500000E+05 7.35408604167E+05 7.35408708333E+05 7.35408812500E+05 
3.225E+01 3.209E+01 3.225E+01 3.229E+01 3.285E+01 3.297E+01 3.305E+01 3.273E+01 3.365E+01 3.313E+01
3.389E+01 3.241E+01 3.233E+01 3.273E+01 3.253E+01 3.353E+01 3.297E+01 3.385E+01 3.509E+01 3.581E+01
3.501E+01 3.561E+01 3.501E+01 3.437E+01 3.433E+01 3.481E+01 3.481E+01 3.549E+01 3.557E+01 3.505E+01
3.513E+01 3.533E+01 3.541E+01 3.453E+01 3.477E+01 3.473E+01 3.513E+01 3.525E+01 3.521E+01 3.477E+01
3.393E+01 3.377E+01 3.409E+01 3.413E+01 3.489E+01 3.469E+01 3.661E+01 3.721E+01 3.761E+01 3.705E+01
3.829E+01 3.765E+01 3.885E+01 3.881E+01 3.869E+01 3.761E+01 3.837E+01 3.781E+01 3.781E+01 3.773E+01
3.681E+01 3.809E+01 3.909E+01 4.001E+01 3.905E+01 3.881E+01 3.865E+01 3.789E+01 3.721E+01 3.737E+01
3.789E+01 3.833E+01 3.821E+01 3.837E+01 3.861E+01 3.925E+01 3.873E+01 3.805E+01 3.753E+01 3.761E+01
3.793E+01 3.793E+01 3.849E+01 3.881E+01 3.901E+01 3.941E+01 3.801E+01 3.769E+01 3.761E+01 3.737E+01
3.793E+01 3.817E+01 3.869E+01 3.889E+01 3.901E+01 3.837E+01 3.793E+01 3.825E+01 3.773E+01 3.853E+01
3.829E+01 3.789E+01 3.797E+01 3.893E+01 3.873E+01 3.881E+01 3.825E+01 3.797E+01 3.809E+01 3.821E+01
3.577E+01 3.433E+01 3.401E+01 3.469E+01 3.453E+01 3.445E+01 3.437E+01 3.341E+01 3.197E+01 3.353E+01
3.477E+01 3.477E+01 3.401E+01 3.433E+01 3.393E+01 3.349E+01 3.297E+01 3.165E+01 3.229E+01 3.349E+01
3.553E+01 3.493E+01 3.409E+01 3.417E+01 
7.35394958333E+05 7.35395062500E+05 7.35395166667E+05 7.35395270833E+05 7.35395375000E+05 7.35395479167E+05 7.35395583333E+05 7.35395687500E+05 7.35395791667E+05 7.35395895833E+05
7.35396000000E+05 7.35396104167E+05 7.35396208333E+05 7.35396312500E+05 7.35396416667E+05 7.35396520833E+05 7.35396625000E+05 7.35396729167E+05 7.35396833333E+05 7.35396937500E+05
7.35397041667E+05 7.35397145833E+05 7.35397250000E+05 7.35397354167E+05 7.35397458333E+05 7.35397562500E+05 7.35397666667E+05 7.35397770833E+05 7.35397875000E+05 7.35397979167E+05
7.35398083333E+05 7.35398187500E+05 7.35398291667E+05 7.35398395833E+05 7.35398500000E+05 7.35398604167E+05 7.35398708333E+05 7.35398812500E+05 7.35398916667E+05 7.35399020833E+05
7.35399125000E+05 7.35399229167E+05 7.35399333333E+05 7.35399437500E+05 7.35399541667E+05 7.35399645833E+05 7.35399750000E+05 7.35399854167E+05 7.35399958333E+05 7.35400062500E+05
7.35400166667E+05 7.35400270833E+05 7.35400375000E+05 7.35400479167E+05 7.35400583333E+05 7.35400687500E+05 7.35400791667E+05 7.35400895833E+05 7.35401000000E+05 7.35401104167E+05
7.35401208333E+05 7.35401312500E+05 7.35401416667E+05 7.35401520833E+05 7.35401625000E+05 7.35401729167E+05 7.35401833333E+05 7.35401937500E+05 7.35402041667E+05 7.35402145833E+05
7.35402250000E+05 7.35402354167E+05 7.35402458333E+05 7.35402562500E+05 7.35402666667E+05 7.35402770833E+05 7.35402875000E+05 7.35402979167E+05 7.35403083333E+05 7.35403187500E+05
7.35403291667E+05 7.35403395833E+05 7.35403500000E+05 7.35403604167E+05 7.35403708333E+05 7.35403812500E+05 7.35403916667E+05 7.35404020833E+05 7.35404125000E+05 7.35404229167E+05
7.35404333333E+05 7.35404437500E+05 7.35404541667E+05 7.35404645833E+05 7.35404750000E+05 7.35404854167E+05 7.35404958333E+05 7.35405062500E+05 7.35405166667E+05 7.35405270833E+05
7.35405375000E+05 7.35405479167E+05 7.35405583333E+05 7.35405687500E+05 7.35405791667E+05 7.35405895833E+05 7.35406000000E+05 7.35406104167E+05 7.35406208333E+05 7.35406312500E+05
7.35406416667E+05 7.35406520833E+05 7.35406625000E+05 7.35406729167E+05 7.35406833333E+05 7.35406937500E+05 7.35407041667E+05 7.35407145833E+05 7.35407250000E+05 7.35407354167E+05
7.35407458333E+05 7.35407562500E+05 7.35407666667E+05 7.35407770833E+05 7.35407875000E+05 7.35407979167E+05 7.35408083333E+05 7.35408187500E+05 7.35408291667E+05 7.35408395833E+05
7.35408500000E+05 7.35408604167E+05 7.35408708333E+05 7.35408812500E+05 
2.593E+01 2.653E+01 2.661E+01 2.665E+01 2.697E+01 2.701E+01 2.717E+01 2.713E+01 2.761E+01 2.737E+01
2.769E+01 2.689E+01 2.677E+01 2.701E+01 2.701E+01 2.769E+01 2.749E+01 2.805E+01 2.877E+01 2.921E+01
2.877E+01 2.905E+01 2.873E+01 2.837E+01 2.833E+01 2.877E+01 2.913E+01 2.937E+01 2.937E+01 2.909E+01
2.909E+01 2.921E+01 2.921E+01 2.877E+01 2.901E+01 2.897E+01 2.917E+01 2.917E+01 2.917E+01 2.881E+01
2.817E+01 2.805E+01 2.817E+01 2.829E+01 2.893E+01 2.909E+01 3.089E+01 3.129E+01 3.165E+01 3.133E+01
3.217E+01 3.189E+01 3.261E+01 3.257E+01 3.257E+01 3.197E+01 3.241E+01 3.201E+01 3.201E+01 3.197E+01
3.145E+01 3.229E+01 3.289E+01 3.333E+01 3.309E+01 3.297E+01 3.273E+01 3.221E+01 3.177E+01 3.189E+01
3.225E+01 3.249E+01 3.237E+01 3.261E+01 3.297E+01 3.345E+01 3.301E+01 3.245E+01 3.217E+01 3.225E+01
3.249E+01 3.241E+01 3.273E+01 3.309E+01 3.337E+01 3.365E+01 3.265E+01 3.237E+01 3.233E+01 3.221E+01
3.261E+01 3.265E+01 3.305E+01 3.333E+01 3.357E+01 3.305E+01 3.257E+01 3.281E+01 3.249E+01 3.301E+01
3.289E+01 3.265E+01 3.285E+01 3.361E+01 3.349E+01 3.345E+01 3.289E+01 3.273E+01 3.285E+01 3.301E+01
3.081E+01 2.953E+01 2.917E+01 2.965E+01 2.933E+01 2.921E+01 2.913E+01 2.833E+01 2.729E+01 2.821E+01
2.889E+01 2.905E+01 2.873E+01 2.885E+01 2.865E+01 2.853E+01 2.805E+01 2.701E+01 2.729E+01 2.785E+01
2.925E+01 2.925E+01 2.873E+01 2.885E+01 
7.35394958333E+05 7.35395027778E+05 7.35395097222E+05 7.35395166667E+05 7.35395236111E+05 7.35395305556E+05 7.35395375000E+05 7.35395444444E+05 7.35395513889E+05 7.35395583333E+05
7.35395652778E+05 7.35395722222E+05 7.35395791667E+05 7.35395861111E+05 7.35395930556E+05 7.35396000000E+05 7.35396069444E+05 7.35396138889E+05 7.35396208333E+05 7.35396277778E+05
7.35396347222E+05 7.35396416667E+05 7.35396486111E+05 7.35396555556E+05 7.35396625000E+05 7.35396694444E+05 7.35396763889E+05 7.35396833333E+05 7.35396902778E+05 7.35396972222E+05
7.35397041667E+05 7.35397111111E+05 7.35397180556E+05 7.35397250000E+05 7.35397319444E+05 7.35397388889E+05 7.35397458333E+05 7.35397527778E+05 7.35397597222E+05 7.35397666667E+05
7.35397736111E+05 7.35397805556E+05 7.35397875000E+05 7.35397944444E+05 7.35398013889E+05 7.35398083333E+05 7.35398152778E+05 7.35398222222E+05 7.35398291667E+05 7.35398361111E+05
7.35398430556E+05 7.35398500000E+05 7.35398569444E+05 7.35398638889E+05 7.35398708333E+05 7.35398777778E+05 7.35398847222E+05 7.35398916667E+05 7.35398986111E+05 7.35399055556E+05
7.35399125000E+05 7.35399194444E+05 7.35399263889E+05 7.35399333333E+05 7.35399402778E+05 7.35399472222E+05 7.35399541667E+05 7.35399611111E+05 7.35399680556E+05 7.35399750000E+05
7.35399819444E+05 7.35399888889E+05 7.35399958333E+05 7.35400027778E+05 7.35400097222E+05 7.35400166667E+05 7.35400236111E+05 7.35400305556E+05 7.35400375000E+05 7.35400444444E+05
7.35400513889E+05 7.35400583333E+05 7.35400652778E+05 7.35400722222E+05 7.35400791667E+05 7.35400861111E+05 7.35400930556E+05 7.35401000000E+05 7.35401069444E+05 7.35401138889E+05
7.35401208333E+05 7.35401277778E+05 7.35401347222E+05 7.35401416667E+05 7.35401486111E+05 7.35401555556E+05 7.35401625000E+05 7.35401694444E+05 7.35401763889E+05 7.35401833333E+05
7.35401902778E+05 7.35401972222E+05 7.35402041667E+05 7.35402111111E+05 7.35402180556E+05 7.35402250000E+05 7.35402319444E+05 7.35402388889E+05 7.35402458333E+05 7.35402527778E+05
7.35402597222E+05 7.35402666667E+05 7.35402736111E+05 7.35402805556E+05 7.35402875000E+05 7.35402944444E+05 7.35403013889E+05 7.35403083333E+05 7.35403152778E+05 7.35403222222E+05
7.35403291667E+05 7.35403361111E+05 7.35403430556E+05 7.35403500000E+05 7.35403569444E+05 7.35403638889E+05 7.35403708333E+05 7.35403777778E+05 7.35403847222E+05 7.35403916667E+05
7.35403986111E+05 7.35404055556E+05 7.35404125000E+05 7.35404194444E+05 7.35404263889E+05 7.35404333333E+05 7.35404402778E+05 7.35404472222E+05 7.35404541667E+05 7.35404611111E+05
7.35404680556E+05 7.35404750000E+05 7.35404819444E+05 7.35404888889E+05 7.35404958333E+05 7.35405027778E+05 7.35405097222E+05 7.35405166667E+05 7.35405236111E+05 7.35405305556E+05
7.35405375000E+05 7.35405444444E+05 7.35405513889E+05 7.35405583333E+05 7.35405652778E+05 7.35405722222E+05 7.35405791667E+05 7.35405861111E+05 7.35405930556E+05 7.35406000000E+05
7.35406069444E+05 7.35406138889E+05 7.35406208333E+05 7.35406277778E+05 7.35406347222E+05 7.35406416667E+05 7.35406486111E+05 7.35406555556E+05 7.35406625000E+05 7.35406694444E+05
7.35406763889E+05 7.35406833333E+05 7.35406902778E+05 7.35406972222E+05 7.35407041667E+05 7.35407111111E+05 7.35407180556E+05 7.35407250000E+05 7.35407319444E+05 7.35407388889E+05
7.35407458333E+05 7.35407527778E+05 7.35407597222E+05 7.35407666667E+05 7.35407736111E+05 7.35407805556E+05 7.35407875000E+05 7.35407944444E+05 7.35408013889E+05 7.35408083333E+05
7.35408152778E+05 7.35408222222E+05 7.35408291667E+05 7.35408361111E+05 7.35408430556E+05 7.35408500000E+05 7.35408569444E+05 7.35408638889E+05 7.35408708333E+05 7.35408777778E+05

2.590E+01 2.590E+01 2.550E+01 2.540E+01 2.520E+01 2.510E+01 2.520E+01 2.510E+01 2.520E+01 2.520E+01
2.510E+01 2.510E+01 2.520E+01 2.500E+01 2.500E+01 2.510E+01 2.470E+01 2.450E+01 2.450E+01 2.460E+01
2.470E+01 2.470E+01 2.490E+01 2.520E+01 2.510E+01 2.530E+01 2.560E+01 2.590E+01 2.610E+01 2.600E+01
2.600E+01 2.610E+01 2.630E+01 2.600E+01 2.590E+01 2.580E+01 2.570E+01 2.590E+01 2.610E+01 2.610E+01
2.610E+01 2.640E+01 2.640E+01 2.640E+01 2.620E+01 2.610E+01 2.610E+01 2.600E+01 2.610E+01 2.590E+01
2.590E+01 2.610E+01 2.600E+01 2.600E+01 2.600E+01 2.600E+01 2.600E+01 2.590E+01 2.570E+01 2.550E+01
2.510E+01 2.490E+01 2.500E+01 2.510E+01 2.520E+01 2.550E+01 2.600E+01 2.580E+01 2.680E+01 2.710E+01
2.740E+01 2.760E+01 2.770E+01 2.770E+01 2.780E+01 2.800E+01 2.790E+01 2.780E+01 2.850E+01 2.890E+01
2.880E+01 2.890E+01 2.860E+01 2.820E+01 2.840E+01 2.820E+01 2.780E+01 2.780E+01 2.770E+01 2.770E+01
2.740E+01 2.750E+01 2.800E+01 2.870E+01 2.910E+01 2.930E+01 2.910E+01 2.870E+01 2.870E+01 2.850E+01
2.820E+01 2.780E+01 2.750E+01 2.750E+01 2.740E+01 2.750E+01 2.760E+01 2.820E+01 2.830E+01 2.850E+01
2.860E+01 2.860E+01 2.870E+01 2.870E+01 2.830E+01 2.790E+01 2.750E+01 2.750E+01 2.750E+01 2.730E+01
2.740E+01 2.750E+01 2.800E+01 2.840E+01 2.860E+01 2.850E+01 2.850E+01 2.860E+01 2.860E+01 2.780E+01
2.760E+01 2.720E+01 2.720E+01 2.720E+01 2.730E+01 2.740E+01 2.770E+01 2.820E+01 2.830E+01 2.830E+01
2.830E+01 2.840E+01 2.830E+01 2.780E+01 2.750E+01 2.730E+01 2.720E+01 2.720E+01 2.720E+01 2.720E+01
2.740E+01 2.740E+01 2.770E+01 2.780E+01 2.820E+01 2.840E+01 2.840E+01 2.820E+01 2.790E+01 2.760E+01
2.730E+01 2.730E+01 2.730E+01 2.730E+01 2.730E+01 2.610E+01 2.500E+01 2.450E+01 2.420E+01 2.420E+01
2.440E+01 2.420E+01 2.400E+01 2.370E+01 2.350E+01 2.320E+01 2.280E+01 2.230E+01 2.250E+01 2.310E+01
2.390E+01 2.430E+01 2.430E+01 2.400E+01 2.370E+01 2.370E+01 2.340E+01 2.340E+01 2.290E+01 2.260E+01
2.200E+01 2.160E+01 2.160E+01 2.190E+01 2.300E+01 2.390E+01 2.440E+01 2.390E+01 2.350E+01 2.360E+01

7.35394958333E+05 7.35395027778E+05 7.35395097222E+05 7.35395166667E+05 7.35395236111E+05 7.35395305556E+05 7.35395375000E+05 7.35395444444E+05 7.35395513889E+05 7.35395583333E+05
7.35395652778E+05 7.35395722222E+05 7.35395791667E+05 7.35395861111E+05 7.35395930556E+05 7.35396000000E+05 7.35396069444E+05 7.35396138889E+05 7.35396208333E+05 7.35396277778E+05
7.35396347222E+05 7.35396416667E+05 7.35396486111E+05 7.35396555556E+05 7.35396625000E+05 7.35396694444E+05 7.35396763889E+05 7.35396833333E+05 7.35396902778E+05 7.35396972222E+05
7.35397041667E+05 7.35397111111E+05 7.35397180556E+05 7.35397250000E+05 7.35397319444E+05 7.35397388889E+05 7.35397458333E+05 7.35397527778E+05 7.35397597222E+05 7.35397666667E+05
7.35397736111E+05 7.35397805556E+05 7.35397875000E+05 7.35397944444E+05 7.35398013889E+05 7.35398083333E+05 7.35398152778E+05 7.35398222222E+05 7.35398291667E+05 7.35398361111E+05
7.35398430556E+05 7.35398500000E+05 7.35398569444E+05 7.35398638889E+05 7.35398708333E+05 7.35398777778E+05 7.35398847222E+05 7.35398916667E+05 7.35398986111E+05 7.35399055556E+05
7.35399125000E+05 7.35399194444E+05 7.35399263889E+05 7.35399333333E+05 7.35399402778E+05 7.35399472222E+05 7.35399541667E+05 7.35399611111E+05 7.35399680556E+05 7.35399750000E+05
7.35399819444E+05 7.35399888889E+05 7.35399958333E+05 7.35400027778E+05 7.35400097222E+05 7.35400166667E+05 7.35400236111E+05 7.35400305556E+05 7.35400375000E+05 7.35400444444E+05
7.35400513889E+05 7.35400583333E+05 7.35400652778E+05 7.35400722222E+05 7.35400791667E+05 7.35400861111E+05 7.35400930556E+05 7.35401000000E+05 7.35401069444E+05 7.35401138889E+05
7.35401208333E+05 7.35401277778E+05 7.35401347222E+05 7.35401416667E+05 7.35401486111E+05 7.35401555556E+05 7.35401625000E+05 7.35401694444E+05 7.35401763889E+05 7.35401833333E+05
7.35401902778E+05 7.35401972222E+05 7.35402041667E+05 7.35402111111E+05 7.35402180556E+05 7.35402250000E+05 7.35402319444E+05 7.35402388889E+05 7.35402458333E+05 7.35402527778E+05
7.35402597222E+05 7.35402666667E+05 7.35402736111E+05 7.35402805556E+05 7.35402875000E+05 7.35402944444E+05 7.35403013889E+05 7.35403083333E+05 7.35403152778E+05 7.35403222222E+05
7.35403291667E+05 7.35403361111E+05 7.35403430556E+05 7.35403500000E+05 7.35403569444E+05 7.35403638889E+05 7.35403708333E+05 7.35403777778E+05 7.35403847222E+05 7.35403916667E+05
7.35403986111E+05 7.35404055556E+05 7.35404125000E+05 7.35404194444E+05 7.35404263889E+05 7.35404333333E+05 7.35404402778E+05 7.35404472222E+05 7.35404541667E+05 7.35404611111E+05
7.35404680556E+05 7.35404750000E+05 7.35404819444E+05 7.35404888889E+05 7.35404958333E+05 7.35405027778E+05 7.35405097222E+05 7.35405166667E+05 7.35405236111E+05 7.35405305556E+05
7.35405375000E+05 7.35405444444E+05 7.35405513889E+05 7.35405583333E+05 7.35405652778E+05 7.35405722222E+05 7.35405791667E+05 7.35405861111E+05 7.35405930556E+05 7.35406000000E+05
7.35406069444E+05 7.35406138889E+05 7.35406208333E+05 7.35406277778E+05 7.35406347222E+05 7.35406416667E+05 7.35406486111E+05 7.35406555556E+05 7.35406625000E+05 7.35406694444E+05
7.35406763889E+05 7.35406833333E+05 7.35406902778E+05 7.35406972222E+05 7.35407041667E+05 7.35407111111E+05 7.35407180556E+05 7.35407250000E+05 7.35407319444E+05 7.35407388889E+05
7.35407458333E+05 7.35407527778E+05 7.35407597222E+05 7.35407666667E+05 7.35407736111E+05 7.35407805556E+05 7.35407875000E+05 7.35407944444E+05 7.35408013889E+05 7.35408083333E+05
7.35408152778E+05 7.35408222222E+05 7.35408291667E+05 7.35408361111E+05 7.35408430556E+05 7.35408500000E+05 7.35408569444E+05 7.35408638889E+05 7.35408708333E+05 7.35408777778E+05

2.180E+01 2.180E+01 2.160E+01 2.150E+01 2.140E+01 2.130E+01 2.140E+01 2.140E+01 2.140E+01 2.150E+01
2.150E+01 2.150E+01 2.150E+01 2.140E+01 2.140E+01 2.140E+01 2.120E+01 2.110E+01 2.110E+01 2.100E+01
2.110E+01 2.130E+01 2.140E+01 2.180E+01 2.180E+01 2.210E+01 2.220E+01 2.230E+01 2.250E+01 2.250E+01
2.250E+01 2.250E+01 2.260E+01 2.250E+01 2.240E+01 2.240E+01 2.240E+01 2.260E+01 2.280E+01 2.280E+01
2.280E+01 2.280E+01 2.280E+01 2.280E+01 2.270E+01 2.260E+01 2.260E+01 2.250E+01 2.250E+01 2.240E+01
2.260E+01 2.260E+01 2.250E+01 2.250E+01 2.250E+01 2.240E+01 2.240E+01 2.230E+01 2.210E+01 2.200E+01
2.170E+01 2.150E+01 2.140E+01 2.140E+01 2.160E+01 2.190E+01 2.230E+01 2.230E+01 2.350E+01 2.390E+01
2.420E+01 2.430E+01 2.440E+01 2.440E+01 2.450E+01 2.460E+01 2.470E+01 2.460E+01 2.490E+01 2.520E+01
2.530E+01 2.550E+01 2.540E+01 2.510E+01 2.500E+01 2.480E+01 2.460E+01 2.460E+01 2.450E+01 2.450E+01
2.440E+01 2.440E+01 2.460E+01 2.510E+01 2.530E+01 2.570E+01 2.580E+01 2.560E+01 2.540E+01 2.510E+01
2.490E+01 2.460E+01 2.450E+01 2.440E+01 2.440E+01 2.450E+01 2.460E+01 2.480E+01 2.500E+01 2.520E+01
2.540E+01 2.560E+01 2.570E+01 2.550E+01 2.510E+01 2.480E+01 2.460E+01 2.470E+01 2.450E+01 2.450E+01
2.440E+01 2.450E+01 2.490E+01 2.510E+01 2.530E+01 2.540E+01 2.560E+01 2.560E+01 2.540E+01 2.490E+01
2.460E+01 2.440E+01 2.440E+01 2.430E+01 2.440E+01 2.440E+01 2.460E+01 2.500E+01 2.510E+01 2.520E+01
2.540E+01 2.550E+01 2.520E+01 2.480E+01 2.450E+01 2.440E+01 2.430E+01 2.430E+01 2.430E+01 2.430E+01
2.450E+01 2.450E+01 2.480E+01 2.500E+01 2.530E+01 2.550E+01 2.550E+01 2.520E+01 2.490E+01 2.470E+01
2.440E+01 2.440E+01 2.440E+01 2.440E+01 2.440E+01 2.310E+01 2.200E+01 2.140E+01 2.130E+01 2.120E+01
2.110E+01 2.090E+01 2.070E+01 2.040E+01 2.020E+01 2.000E+01 1.970E+01 1.920E+01 1.920E+01 1.960E+01
2.010E+01 2.050E+01 2.070E+01 2.060E+01 2.030E+01 2.030E+01 2.010E+01 2.010E+01 1.970E+01 1.930E+01
1.890E+01 1.850E+01 1.830E+01 1.840E+01 1.900E+01 1.980E+01 2.040E+01 2.040E+01 2.030E+01 2.030E+01

#
# 4. Accumulative Evaporation 
361 
7.35394962014E+05 7.35394998252E+05 7.35395025081E+05 7.35395063762E+05 7.35395090590E+05 7.35395112187E+05 7.35395125775E+05 7.35395145984E+05 7.35395171424E+05 7.35395213229E+05
7.35395273160E+05 7.35395327523E+05 7.35395391285E+05 7.35395422998E+05 7.35395469340E+05 7.35395493380E+05 7.35395519514E+05 7.35395546690E+05 7.35395568299E+05 7.35395630671E+05
7.35395679803E+05 7.35395714306E+05 7.35395747755E+05 7.35395802106E+05 7.35395842176E+05 7.35395890266E+05 7.35395930336E+05 7.35395952986E+05 7.35395997940E+05 7.35396075984E+05
7.35396138704E+05 7.35396197593E+05 7.35396221644E+05 7.35396247778E+05 7.35396287153E+05 7.35396317118E+05 7.35396371470E+05 7.35396401782E+05 7.35396432106E+05 7.35396466944E+05
7.35396496910E+05 7.35396542569E+05 7.35396584028E+05 7.35396597616E+05 7.35396657894E+05 7.35396712940E+05 7.35396766956E+05 7.35396795174E+05 7.35396822350E+05 7.35396861377E+05
7.35396934896E+05 7.35396964167E+05 7.35396995880E+05 7.35397033854E+05 7.35397048484E+05 7.35397073924E+05 7.35397126192E+05 7.35397152326E+05 7.35397166262E+05 7.35397188206E+05
7.35397223750E+05 7.35397296227E+05 7.35397358947E+05 7.35397403542E+05 7.35397410509E+05 7.35397425150E+05 7.35397491701E+05 7.35397545694E+05 7.35397570787E+05 7.35397621308E+05
7.35397649537E+05 7.35397674965E+05 7.35397718171E+05 7.35397747442E+05 7.35397794479E+05 7.35397831759E+05 7.35397884016E+05 7.35397890637E+05 7.35397918866E+05 7.35397956146E+05
7.35397981933E+05 7.35398007014E+05 7.35398032454E+05 7.35398094468E+05 7.35398128264E+05 7.35398149861E+05 7.35398179479E+05 7.35398197940E+05 7.35398229306E+05 7.35398257882E+05
7.35398304225E+05 7.35398345683E+05 7.35398377384E+05 7.35398424074E+05 7.35398475301E+05 7.35398526863E+05 7.35398541146E+05 7.35398598993E+05 7.35398651597E+05 7.35398705613E+05
7.35398755440E+05 7.35398791331E+05 7.35398826863E+05 7.35398867292E+05 7.35398918160E+05 7.35398957176E+05 7.35399000394E+05 7.35399007014E+05 7.35399027917E+05 7.35399058576E+05
7.35399096910E+05 7.35399117118E+05 7.35399149178E+05 7.35399162766E+05 7.35399185058E+05 7.35399230012E+05 7.35399259977E+05 7.35399315035E+05 7.35399353356E+05 7.35399381586E+05
7.35399407708E+05 7.35399433148E+05 7.35399483322E+05 7.35399539410E+05 7.35399557882E+05 7.35399575995E+05 7.35399604919E+05 7.35399641852E+05 7.35399679132E+05 7.35399703519E+05
7.35399730694E+05 7.35399746030E+05 7.35399794815E+05 7.35399819896E+05 7.35399876690E+05 7.35399909097E+05 7.35399946377E+05 7.35399963102E+05 7.35400002130E+05 7.35400051944E+05
7.35400081562E+05 7.35400129641E+05 7.35400149502E+05 7.35400180868E+05 7.35400211875E+05 7.35400243229E+05 7.35400282604E+05 7.35400321632E+05 7.35400345671E+05 7.35400384352E+05
7.35400426505E+05 7.35400464491E+05 7.35400499676E+05 7.35400531042E+05 7.35400584005E+05 7.35400627558E+05 7.35400666586E+05 7.35400719190E+05 7.35400742188E+05 7.35400771458E+05
7.35400808391E+05 7.35400843229E+05 7.35400893750E+05 7.35400934178E+05 7.35400983646E+05 7.35401014664E+05 7.35401040440E+05 7.35401069016E+05 7.35401150903E+05 7.35401230683E+05
7.35401308727E+05 7.35401343924E+05 7.35401377720E+05 7.35401407685E+05 7.35401418843E+05 7.35401448449E+05 7.35401489572E+05 7.35401501759E+05 7.35401541481E+05 7.35401584340E+05
7.35401631030E+05 7.35401659595E+05 7.35401673889E+05 7.35401733113E+05 7.35401761343E+05 7.35401802454E+05 7.35401855058E+05 7.35401900706E+05 7.35401922662E+05 7.35401941817E+05
7.35401997222E+05 7.35402033113E+05 7.35402060289E+05 7.35402117789E+05 7.35402189560E+05 7.35402202106E+05 7.35402249132E+05 7.35402314641E+05 7.35402320556E+05 7.35402326829E+05
7.35402338322E+05 7.35402363414E+05 7.35402381528E+05 7.35402412535E+05 7.35402465498E+05 7.35402516713E+05 7.35402564456E+05 7.35402581169E+05 7.35402622639E+05 7.35402649120E+05
7.35402697199E+05 7.35402737975E+05 7.35402776296E+05 7.35402805220E+05 7.35402846678E+05 7.35402906609E+05 7.35402934132E+05 7.35403004167E+05 7.35403064780E+05 7.35403089525E+05
7.35403139005E+05 7.35403168275E+05 7.35403207303E+05 7.35403247361E+05 7.35403286748E+05 7.35403347731E+05 7.35403380475E+05 7.35403399988E+05 7.35403429259E+05 7.35403462708E+05
7.35403518808E+05 7.35403542847E+05 7.35403565498E+05 7.35403614271E+05 7.35403649815E+05 7.35403706956E+05 7.35403746331E+05 7.35403775243E+05 7.35403805556E+05 7.35403862350E+05
7.35403916701E+05 7.35403975231E+05 7.35404031331E+05 7.35404050845E+05 7.35404079421E+05 7.35404113218E+05 7.35404143183E+05 7.35404229236E+05 7.35404284977E+05 7.35404338981E+05
7.35404395081E+05 7.35404496123E+05 7.35404593333E+05 7.35404645243E+05 7.35404684618E+05 7.35404737928E+05 7.35404789144E+05 7.35404845590E+05 7.35404888449E+05 7.35404937581E+05
7.35404969630E+05 7.35405017014E+05 7.35405058819E+05 7.35405095405E+05 7.35405153588E+05 7.35405196100E+05 7.35405223275E+05 7.35405243843E+05 7.35405282164E+05 7.35405357766E+05
7.35405371007E+05 7.35405445220E+05 7.35405480069E+05 7.35405562639E+05 7.35405602361E+05 7.35405657060E+05 7.35405718032E+05 7.35405763322E+05 7.35405825694E+05 7.35405864711E+05
7.35405905833E+05 7.35405922211E+05 7.35405964363E+05 7.35406041366E+05 7.35406064711E+05 7.35406138565E+05 7.35406188391E+05 7.35406221134E+05 7.35406254236E+05 7.35406293264E+05
7.35406308947E+05 7.35406371308E+05 7.35406394306E+05 7.35406425660E+05 7.35406462940E+05 7.35406476528E+05 7.35406501609E+05 7.35406529144E+05 7.35406574086E+05 7.35406585926E+05
7.35406644120E+05 7.35406675822E+05 7.35406732627E+05 7.35406744120E+05 7.35406776181E+05 7.35406791505E+05 7.35406813113E+05 7.35406883507E+05 7.35406925324E+05 7.35406957720E+05
7.35406980370E+05 7.35406989433E+05 7.35407052847E+05 7.35407080023E+05 7.35407104421E+05 7.35407129861E+05 7.35407173067E+05 7.35407205822E+05 7.35407216273E+05 7.35407238935E+05
7.35407281076E+05 7.35407312095E+05 7.35407358785E+05 7.35407374120E+05 7.35407381435E+05 7.35407390845E+05 7.35407397465E+05 7.35407447639E+05 7.35407493981E+05 7.35407575174E+05
7.35407583183E+05 7.35407589803E+05 7.35407613495E+05 7.35407657743E+05 7.35407716285E+05 7.35407756701E+05 7.35407779699E+05 7.35407847650E+05 7.35407923611E+05 7.35407941377E+05
7.35407989468E+05 7.35408004097E+05 7.35408059850E+05 7.35408121875E+05 7.35408127095E+05 7.35408166481E+05 7.35408199931E+05 7.35408210035E+05 7.35408294363E+05 7.35408306204E+05
7.35408332002E+05 7.35408352558E+05 7.35408419456E+05 7.35408451863E+05 7.35408513542E+05 7.35408564410E+05 7.35408613889E+05 7.35408690208E+05 7.35408713900E+05 7.35408745613E+05
7.35408801701E+05 
-0.000E+00 3.157E-01 4.209E-01 6.314E-01 8.418E-01 9.470E-01 1.052E+00 1.157E+00 1.263E+00 1.578E+00
1.894E+00 2.210E+00 2.525E+00 2.631E+00 2.946E+00 3.052E+00 3.157E+00 3.262E+00 3.472E+00 3.788E+00
3.999E+00 4.209E+00 4.420E+00 4.630E+00 4.840E+00 5.156E+00 5.261E+00 5.472E+00 5.682E+00 5.998E+00
6.314E+00 6.524E+00 6.629E+00 6.734E+00 6.945E+00 7.050E+00 7.155E+00 7.366E+00 7.471E+00 7.576E+00
7.682E+00 7.892E+00 7.997E+00 8.102E+00 8.313E+00 8.523E+00 8.629E+00 8.734E+00 8.944E+00 9.049E+00
9.365E+00 9.470E+00 9.576E+00 9.786E+00 9.786E+00 9.891E+00 1.010E+01 1.010E+01 1.021E+01 1.031E+01
1.042E+01 1.073E+01 1.105E+01 1.115E+01 1.115E+01 1.126E+01 1.147E+01 1.179E+01 1.189E+01 1.200E+01
1.221E+01 1.221E+01 1.242E+01 1.252E+01 1.273E+01 1.294E+01 1.315E+01 1.315E+01 1.326E+01 1.336E+01
1.347E+01 1.357E+01 1.368E+01 1.400E+01 1.410E+01 1.421E+01 1.431E+01 1.442E+01 1.452E+01 1.463E+01
1.484E+01 1.505E+01 1.515E+01 1.536E+01 1.557E+01 1.578E+01 1.578E+01 1.599E+01 1.620E+01 1.642E+01
1.663E+01 1.673E+01 1.694E+01 1.715E+01 1.726E+01 1.747E+01 1.757E+01 1.768E+01 1.768E+01 1.789E+01
1.799E+01 1.810E+01 1.820E+01 1.820E+01 1.831E+01 1.841E+01 1.863E+01 1.873E+01 1.894E+01 1.905E+01
1.915E+01 1.926E+01 1.947E+01 1.968E+01 1.968E+01 1.978E+01 1.989E+01 1.999E+01 2.010E+01 2.041E+01
2.041E+01 2.052E+01 2.073E+01 2.083E+01 2.105E+01 2.115E+01 2.126E+01 2.136E+01 2.157E+01 2.168E+01
2.189E+01 2.210E+01 2.210E+01 2.231E+01 2.241E+01 2.262E+01 2.283E+01 2.294E+01 2.304E+01 2.326E+01
2.347E+01 2.378E+01 2.389E+01 2.410E+01 2.431E+01 2.452E+01 2.462E+01 2.494E+01 2.494E+01 2.515E+01
2.525E+01 2.546E+01 2.568E+01 2.589E+01 2.610E+01 2.620E+01 2.641E+01 2.652E+01 2.683E+01 2.725E+01
2.757E+01 2.778E+01 2.788E+01 2.810E+01 2.810E+01 2.831E+01 2.841E+01 2.852E+01 2.883E+01 2.894E+01
2.915E+01 2.925E+01 2.936E+01 2.957E+01 2.967E+01 2.988E+01 3.020E+01 3.041E+01 3.052E+01 3.062E+01
3.083E+01 3.094E+01 3.104E+01 3.125E+01 3.146E+01 3.157E+01 3.167E+01 3.199E+01 3.199E+01 3.199E+01
3.209E+01 3.220E+01 3.220E+01 3.241E+01 3.262E+01 3.283E+01 3.304E+01 3.315E+01 3.336E+01 3.346E+01
3.357E+01 3.378E+01 3.388E+01 3.399E+01 3.420E+01 3.441E+01 3.462E+01 3.483E+01 3.504E+01 3.525E+01
3.536E+01 3.557E+01 3.567E+01 3.588E+01 3.599E+01 3.620E+01 3.641E+01 3.641E+01 3.651E+01 3.672E+01
3.693E+01 3.704E+01 3.714E+01 3.746E+01 3.757E+01 3.767E+01 3.788E+01 3.799E+01 3.809E+01 3.830E+01
3.851E+01 3.872E+01 3.883E+01 3.893E+01 3.904E+01 3.914E+01 3.925E+01 3.957E+01 3.988E+01 3.999E+01
4.030E+01 4.062E+01 4.093E+01 4.114E+01 4.125E+01 4.146E+01 4.167E+01 4.188E+01 4.199E+01 4.220E+01
4.230E+01 4.251E+01 4.272E+01 4.283E+01 4.293E+01 4.304E+01 4.314E+01 4.325E+01 4.335E+01 4.367E+01
4.367E+01 4.388E+01 4.409E+01 4.430E+01 4.441E+01 4.462E+01 4.483E+01 4.493E+01 4.514E+01 4.525E+01
4.535E+01 4.546E+01 4.556E+01 4.577E+01 4.577E+01 4.598E+01 4.619E+01 4.630E+01 4.640E+01 4.651E+01
4.662E+01 4.683E+01 4.683E+01 4.693E+01 4.693E+01 4.704E+01 4.704E+01 4.714E+01 4.714E+01 4.725E+01
4.735E+01 4.746E+01 4.756E+01 4.756E+01 4.767E+01 4.777E+01 4.777E+01 4.798E+01 4.798E+01 4.809E+01
4.809E+01 4.819E+01 4.830E+01 4.830E+01 4.840E+01 4.840E+01 4.851E+01 4.851E+01 4.851E+01 4.861E+01
4.872E+01 4.872E+01 4.883E+01 4.893E+01 4.893E+01 4.893E+01 4.893E+01 4.914E+01 4.925E+01 4.935E+01
4.935E+01 4.935E+01 4.946E+01 4.956E+01 4.967E+01 4.967E+01 4.977E+01 4.988E+01 4.998E+01 4.998E+01
5.009E+01 5.009E+01 5.019E+01 5.030E+01 5.030E+01 5.040E+01 5.040E+01 5.040E+01 5.051E+01 5.051E+01
5.061E+01 5.072E+01 5.082E+01 5.093E+01 5.103E+01 5.114E+01 5.125E+01 5.135E+01 5.135E+01 5.146E+01
5.156E+01 
#
#5. Transient Evaporation 
361 200 
7.35394962014E+05 7.35394998252E+05 7.35395025081E+05 7.35395063762E+05 7.35395090590E+05 7.35395112187E+05 7.35395125775E+05 7.35395145984E+05 7.35395171424E+05 7.35395213229E+05
7.35395273160E+05 7.35395327523E+05 7.35395391285E+05 7.35395422998E+05 7.35395469340E+05 7.35395493380E+05 7.35395519514E+05 7.35395546690E+05 7.35395568299E+05 7.35395630671E+05
7.35395679803E+05 7.35395714306E+05 7.35395747755E+05 7.35395802106E+05 7.35395842176E+05 7.35395890266E+05 7.35395930336E+05 7.35395952986E+05 7.35395997940E+05 7.35396075984E+05
7.35396138704E+05 7.35396197593E+05 7.35396221644E+05 7.35396247778E+05 7.35396287153E+05 7.35396317118E+05 7.35396371470E+05 7.35396401782E+05 7.35396432106E+05 7.35396466944E+05
7.35396496910E+05 7.35396542569E+05 7.35396584028E+05 7.35396597616E+05 7.35396657894E+05 7.35396712940E+05 7.35396766956E+05 7.35396795174E+05 7.35396822350E+05 7.35396861377E+05
7.35396934896E+05 7.35396964167E+05 7.35396995880E+05 7.35397033854E+05 7.35397048484E+05 7.35397073924E+05 7.35397126192E+05 7.35397152326E+05 7.35397166262E+05 7.35397188206E+05
7.35397223750E+05 7.35397296227E+05 7.35397358947E+05 7.35397403542E+05 7.35397410509E+05 7.35397425150E+05 7.35397491701E+05 7.35397545694E+05 7.35397570787E+05 7.35397621308E+05
7.35397649537E+05 7.35397674965E+05 7.35397718171E+05 7.35397747442E+05 7.35397794479E+05 7.35397831759E+05 7.35397884016E+05 7.35397890637E+05 7.35397918866E+05 7.35397956146E+05
7.35397981933E+05 7.35398007014E+05 7.35398032454E+05 7.35398094468E+05 7.35398128264E+05 7.35398149861E+05 7.35398179479E+05 7.35398197940E+05 7.35398229306E+05 7.35398257882E+05
7.35398304225E+05 7.35398345683E+05 7.35398377384E+05 7.35398424074E+05 7.35398475301E+05 7.35398526863E+05 7.35398541146E+05 7.35398598993E+05 7.35398651597E+05 7.35398705613E+05
7.35398755440E+05 7.35398791331E+05 7.35398826863E+05 7.35398867292E+05 7.35398918160E+05 7.35398957176E+05 7.35399000394E+05 7.35399007014E+05 7.35399027917E+05 7.35399058576E+05
7.35399096910E+05 7.35399117118E+05 7.35399149178E+05 7.35399162766E+05 7.35399185058E+05 7.35399230012E+05 7.35399259977E+05 7.35399315035E+05 7.35399353356E+05 7.35399381586E+05
7.35399407708E+05 7.35399433148E+05 7.35399483322E+05 7.35399539410E+05 7.35399557882E+05 7.35399575995E+05 7.35399604919E+05 7.35399641852E+05 7.35399679132E+05 7.35399703519E+05
7.35399730694E+05 7.35399746030E+05 7.35399794815E+05 7.35399819896E+05 7.35399876690E+05 7.35399909097E+05 7.35399946377E+05 7.35399963102E+05 7.35400002130E+05 7.35400051944E+05
7.35400081562E+05 7.35400129641E+05 7.35400149502E+05 7.35400180868E+05 7.35400211875E+05 7.35400243229E+05 7.35400282604E+05 7.35400321632E+05 7.35400345671E+05 7.35400384352E+05
7.35400426505E+05 7.35400464491E+05 7.35400499676E+05 7.35400531042E+05 7.35400584005E+05 7.35400627558E+05 7.35400666586E+05 7.35400719190E+05 7.35400742188E+05 7.35400771458E+05
7.35400808391E+05 7.35400843229E+05 7.35400893750E+05 7.35400934178E+05 7.35400983646E+05 7.35401014664E+05 7.35401040440E+05 7.35401069016E+05 7.35401150903E+05 7.35401230683E+05
7.35401308727E+05 7.35401343924E+05 7.35401377720E+05 7.35401407685E+05 7.35401418843E+05 7.35401448449E+05 7.35401489572E+05 7.35401501759E+05 7.35401541481E+05 7.35401584340E+05
7.35401631030E+05 7.35401659595E+05 7.35401673889E+05 7.35401733113E+05 7.35401761343E+05 7.35401802454E+05 7.35401855058E+05 7.35401900706E+05 7.35401922662E+05 7.35401941817E+05
7.35401997222E+05 7.35402033113E+05 7.35402060289E+05 7.35402117789E+05 7.35402189560E+05 7.35402202106E+05 7.35402249132E+05 7.35402314641E+05 7.35402320556E+05 7.35402326829E+05
7.35402338322E+05 7.35402363414E+05 7.35402381528E+05 7.35402412535E+05 7.35402465498E+05 7.35402516713E+05 7.35402564456E+05 7.35402581169E+05 7.35402622639E+05 7.35402649120E+05
7.35402697199E+05 7.35402737975E+05 7.35402776296E+05 7.35402805220E+05 7.35402846678E+05 7.35402906609E+05 7.35402934132E+05 7.35403004167E+05 7.35403064780E+05 7.35403089525E+05
7.35403139005E+05 7.35403168275E+05 7.35403207303E+05 7.35403247361E+05 7.35403286748E+05 7.35403347731E+05 7.35403380475E+05 7.35403399988E+05 7.35403429259E+05 7.35403462708E+05
7.35403518808E+05 7.35403542847E+05 7.35403565498E+05 7.35403614271E+05 7.35403649815E+05 7.35403706956E+05 7.35403746331E+05 7.35403775243E+05 7.35403805556E+05 7.35403862350E+05
7.35403916701E+05 7.35403975231E+05 7.35404031331E+05 7.35404050845E+05 7.35404079421E+05 7.35404113218E+05 7.35404143183E+05 7.35404229236E+05 7.35404284977E+05 7.35404338981E+05
7.35404395081E+05 7.35404496123E+05 7.35404593333E+05 7.35404645243E+05 7.35404684618E+05 7.35404737928E+05 7.35404789144E+05 7.35404845590E+05 7.35404888449E+05 7.35404937581E+05
7.35404969630E+05 7.35405017014E+05 7.35405058819E+05 7.35405095405E+05 7.35405153588E+05 7.35405196100E+05 7.35405223275E+05 7.35405243843E+05 7.35405282164E+05 7.35405357766E+05
7.35405371007E+05 7.35405445220E+05 7.35405480069E+05 7.35405562639E+05 7.35405602361E+05 7.35405657060E+05 7.35405718032E+05 7.35405763322E+05 7.35405825694E+05 7.35405864711E+05
7.35405905833E+05 7.35405922211E+05 7.35405964363E+05 7.35406041366E+05 7.35406064711E+05 7.35406138565E+05 7.35406188391E+05 7.35406221134E+05 7.35406254236E+05 7.35406293264E+05
7.35406308947E+05 7.35406371308E+05 7.35406394306E+05 7.35406425660E+05 7.35406462940E+05 7.35406476528E+05 7.35406501609E+05 7.35406529144E+05 7.35406574086E+05 7.35406585926E+05
7.35406644120E+05 7.35406675822E+05 7.35406732627E+05 7.35406744120E+05 7.35406776181E+05 7.35406791505E+05 7.35406813113E+05 7.35406883507E+05 7.35406925324E+05 7.35406957720E+05
7.35406980370E+05 7.35406989433E+05 7.35407052847E+05 7.35407080023E+05 7.35407104421E+05 7.35407129861E+05 7.35407173067E+05 7.35407205822E+05 7.35407216273E+05 7.35407238935E+05
7.35407281076E+05 7.35407312095E+05 7.35407358785E+05 7.35407374120E+05 7.35407381435E+05 7.35407390845E+05 7.35407397465E+05 7.35407447639E+05 7.35407493981E+05 7.35407575174E+05
7.35407583183E+05 7.35407589803E+05 7.35407613495E+05 7.35407657743E+05 7.35407716285E+05 7.35407756701E+05 7.35407779699E+05 7.35407847650E+05 7.35407923611E+05 7.35407941377E+05
7.35407989468E+05 7.35408004097E+05 7.35408059850E+05 7.35408121875E+05 7.35408127095E+05 7.35408166481E+05 7.35408199931E+05 7.35408210035E+05 7.35408294363E+05 7.35408306204E+05
7.35408332002E+05 7.35408352558E+05 7.35408419456E+05 7.35408451863E+05 7.35408513542E+05 7.35408564410E+05 7.35408613889E+05 7.35408690208E+05 7.35408713900E+05 7.35408745613E+05
7.35408801701E+05 
2.055E-07 7.134E-08 7.598E-08 6.593E-08 6.719E-08 6.245E-08 6.724E-08 6.719E-08 7.134E-08 6.027E-08
8.520E-08 6.475E-08 5.925E-08 6.241E-08 6.027E-08 5.826E-08 6.023E-08 5.731E-08 5.639E-08 6.132E-08
6.132E-08 6.719E-08 5.636E-08 6.719E-08 5.377E-08 6.027E-08 5.728E-08 5.922E-08 5.636E-08 4.211E-08
4.992E-08 4.854E-08 4.992E-08 6.245E-08 3.799E-08 4.660E-08 4.162E-08 3.972E-08 4.599E-08 4.110E-08
5.141E-08 4.370E-08 4.790E-08 4.482E-08 4.370E-08 4.540E-08 4.262E-08 6.132E-08 5.461E-08 4.162E-08
4.924E-08 4.922E-08 4.599E-08 4.370E-08 4.370E-08 2.514E-08 4.540E-08 4.540E-08 4.856E-08 4.992E-08
4.725E-08 4.599E-08 4.790E-08 4.597E-08 4.597E-08 4.425E-08 4.482E-08 5.064E-08 4.540E-08 4.790E-08
4.540E-08 4.599E-08 4.660E-08 4.601E-08 4.787E-08 4.660E-08 4.922E-08 4.922E-08 5.066E-08 4.599E-08
4.787E-08 4.994E-08 4.540E-08 4.787E-08 4.482E-08 4.727E-08 4.854E-08 4.538E-08 4.725E-08 4.922E-08
4.660E-08 4.924E-08 4.482E-08 4.599E-08 4.856E-08 4.599E-08 4.599E-08 4.599E-08 4.660E-08 4.425E-08
4.924E-08 4.725E-08 4.854E-08 4.264E-08 4.856E-08 4.368E-08 4.540E-08 4.599E-08 3.972E-08 4.482E-08
4.161E-08 4.425E-08 4.016E-08 4.016E-08 3.972E-08 4.370E-08 4.540E-08 4.064E-08 4.264E-08 4.063E-08
4.541E-08 4.922E-08 4.211E-08 3.883E-08 3.883E-08 4.662E-08 3.641E-08 4.787E-08 4.662E-08 3.066E-08
3.066E-08 4.018E-08 3.758E-08 3.842E-08 4.064E-08 4.211E-08 4.425E-08 1.294E-07 4.725E-08 4.262E-08
5.217E-08 5.296E-08 5.296E-08 5.925E-08 5.380E-08 5.141E-08 5.826E-08 5.636E-08 5.826E-08 5.731E-08
5.826E-08 5.217E-08 7.948E-08 5.217E-08 5.636E-08 4.787E-08 4.540E-08 5.141E-08 5.141E-08 5.461E-08
5.550E-08 5.823E-08 5.377E-08 5.463E-08 5.066E-08 5.377E-08 4.994E-08 4.992E-08 5.296E-08 5.066E-08
5.461E-08 5.377E-08 6.027E-08 5.925E-08 5.925E-08 5.377E-08 5.731E-08 1.226E-07 4.790E-08 4.660E-08
4.854E-08 4.482E-08 4.725E-08 5.217E-08 5.461E-08 5.461E-08 6.027E-08 5.550E-08 5.826E-08 5.636E-08
4.314E-08 4.370E-08 4.211E-08 4.064E-08 3.679E-08 3.842E-08 4.114E-08 5.143E-08 5.143E-08 5.143E-08
4.854E-08 4.994E-08 4.994E-08 4.854E-08 9.984E-08 3.971E-08 4.725E-08 4.994E-08 4.368E-08 4.540E-08
3.758E-08 5.728E-08 4.994E-08 4.994E-08 4.599E-08 4.723E-08 4.423E-08 4.541E-08 4.854E-08 4.790E-08
4.924E-08 4.723E-08 4.599E-08 4.723E-08 4.482E-08 4.599E-08 4.723E-08 4.723E-08 4.725E-08 5.377E-08
4.540E-08 4.316E-08 9.320E-08 3.883E-08 3.067E-08 3.641E-08 4.212E-08 4.018E-08 4.482E-08 4.599E-08
4.018E-08 4.314E-08 4.064E-08 4.211E-08 4.482E-08 4.370E-08 4.211E-08 4.262E-08 4.482E-08 4.262E-08
4.211E-08 4.064E-08 6.724E-08 3.461E-08 3.718E-08 4.112E-08 4.723E-08 4.660E-08 4.482E-08 4.599E-08
4.316E-08 4.316E-08 3.884E-08 3.840E-08 2.842E-08 3.604E-08 3.604E-08 3.799E-08 3.799E-08 3.883E-08
3.883E-08 3.883E-08 3.842E-08 3.928E-08 3.883E-08 3.758E-08 3.720E-08 4.064E-08 3.298E-08 3.206E-08
3.267E-08 2.394E-08 2.937E-08 3.604E-08 3.604E-08 3.641E-08 3.604E-08 3.094E-08 3.971E-08 3.972E-08
3.884E-08 2.552E-08 2.552E-08 2.285E-08 2.285E-08 2.144E-08 2.144E-08 2.775E-08 2.937E-08 2.937E-08
3.122E-08 2.410E-08 2.913E-08 2.913E-08 2.730E-08 2.709E-08 2.709E-08 2.394E-08 2.394E-08 2.269E-08
2.269E-08 2.270E-08 2.080E-08 2.080E-08 2.346E-08 2.346E-08 1.997E-08 1.997E-08 1.921E-08 1.921E-08
2.411E-08 2.411E-08 2.962E-08 3.178E-08 3.178E-08 3.178E-08 3.178E-08 2.628E-08 2.570E-08 2.212E-08
2.212E-08 2.212E-08 1.964E-08 2.118E-08 2.184E-08 2.184E-08 1.793E-08 2.171E-08 2.411E-08 2.411E-08
1.462E-08 1.462E-08 1.840E-08 1.730E-08 1.730E-08 1.618E-08 1.618E-08 1.618E-08 1.820E-08 1.820E-08
2.796E-08 2.668E-08 2.285E-08 3.039E-08 2.427E-08 2.608E-08 1.730E-08 2.032E-08 2.032E-08 1.921E-08
2.394E-08 
7.35394958333E+05 7.35395027778E+05 7.35395097222E+05 7.35395166667E+05 7.35395236111E+05 7.35395305556E+05 7.35395375000E+05 7.35395444444E+05 7.35395513889E+05 7.35395583333E+05
7.35395652778E+05 7.35395722222E+05 7.35395791667E+05 7.35395861111E+05 7.35395930556E+05 7.35396000000E+05 7.35396069444E+05 7.35396138889E+05 7.35396208333E+05 7.35396277778E+05
7.35396347222E+05 7.35396416667E+05 7.35396486111E+05 7.35396555556E+05 7.35396625000E+05 7.35396694444E+05 7.35396763889E+05 7.35396833333E+05 7.35396902778E+05 7.35396972222E+05
7.35397041667E+05 7.35397111111E+05 7.35397180556E+05 7.35397250000E+05 7.35397319444E+05 7.35397388889E+05 7.35397458333E+05 7.35397527778E+05 7.35397597222E+05 7.35397666667E+05
7.35397736111E+05 7.35397805556E+05 7.35397875000E+05 7.35397944444E+05 7.35398013889E+05 7.35398083333E+05 7.35398152778E+05 7.35398222222E+05 7.35398291667E+05 7.35398361111E+05
7.35398430556E+05 7.35398500000E+05 7.35398569444E+05 7.35398638889E+05 7.35398708333E+05 7.35398777778E+05 7.35398847222E+05 7.35398916667E+05 7.35398986111E+05 7.35399055556E+05
7.35399125000E+05 7.35399194444E+05 7.35399263889E+05 7.35399333333E+05 7.35399402778E+05 7.35399472222E+05 7.35399541667E+05 7.35399611111E+05 7.35399680556E+05 7.35399750000E+05
7.35399819444E+05 7.35399888889E+05 7.35399958333E+05 7.35400027778E+05 7.35400097222E+05 7.35400166667E+05 7.35400236111E+05 7.35400305556E+05 7.35400375000E+05 7.35400444444E+05
7.35400513889E+05 7.35400583333E+05 7.35400652778E+05 7.35400722222E+05 7.35400791667E+05 7.35400861111E+05 7.35400930556E+05 7.35401000000E+05 7.35401069444E+05 7.35401138889E+05
7.35401208333E+05 7.35401277778E+05 7.35401347222E+05 7.35401416667E+05 7.35401486111E+05 7.35401555556E+05 7.35401625000E+05 7.35401694444E+05 7.35401763889E+05 7.35401833333E+05
7.35401902778E+05 7.35401972222E+05 7.35402041667E+05 7.35402111111E+05 7.35402180556E+05 7.35402250000E+05 7.35402319444E+05 7.35402388889E+05 7.35402458333E+05 7.35402527778E+05
7.35402597222E+05 7.35402666667E+05 7.35402736111E+05 7.35402805556E+05 7.35402875000E+05 7.35402944444E+05 7.35403013889E+05 7.35403083333E+05 7.35403152778E+05 7.35403222222E+05
7.35403291667E+05 7.35403361111E+05 7.35403430556E+05 7.35403500000E+05 7.35403569444E+05 7.35403638889E+05 7.35403708333E+05 7.35403777778E+05 7.35403847222E+05 7.35403916667E+05
7.35403986111E+05 7.35404055556E+05 7.35404125000E+05 7.35404194444E+05 7.35404263889E+05 7.35404333333E+05 7.35404402778E+05 7.35404472222E+05 7.35404541667E+05 7.35404611111E+05
7.35404680556E+05 7.35404750000E+05 7.35404819444E+05 7.35404888889E+05 7.35404958333E+05 7.35405027778E+05 7.35405097222E+05 7.35405166667E+05 7.35405236111E+05 7.35405305556E+05
7.35405375000E+05 7.35405444444E+05 7.35405513889E+05 7.35405583333E+05 7.35405652778E+05 7.35405722222E+05 7.35405791667E+05 7.35405861111E+05 7.35405930556E+05 7.35406000000E+05
7.35406069444E+05 7.35406138889E+05 7.35406208333E+05 7.35406277778E+05 7.35406347222E+05 7.35406416667E+05 7.35406486111E+05 7.35406555556E+05 7.35406625000E+05 7.35406694444E+05
7.35406763889E+05 7.35406833333E+05 7.35406902778E+05 7.35406972222E+05 7.35407041667E+05 7.35407111111E+05 7.35407180556E+05 7.35407250000E+05 7.35407319444E+05 7.35407388889E+05
7.35407458333E+05 7.35407527778E+05 7.35407597222E+05 7.35407666667E+05 7.35407736111E+05 7.35407805556E+05 7.35407875000E+05 7.35407944444E+05 7.35408013889E+05 7.35408083333E+05
7.35408152778E+05 7.35408222222E+05 7.35408291667E+05 7.35408361111E+05 7.35408430556E+05 7.35408500000E+05 7.35408569444E+05 7.35408638889E+05 7.35408708333E+05 7.35408777778E+05

6.447E-08 6.445E-08 6.436E-08 6.417E-08 6.386E-08 6.344E-08 6.291E-08 6.230E-08 6.160E-08 6.081E-08
5.992E-08 5.890E-08 5.774E-08 5.646E-08 5.507E-08 5.361E-08 5.213E-08 5.068E-08 4.929E-08 4.801E-08
4.689E-08 4.596E-08 4.523E-08 4.470E-08 4.433E-08 4.409E-08 4.398E-08 4.395E-08 4.398E-08 4.406E-08
4.422E-08 4.447E-08 4.479E-08 4.513E-08 4.544E-08 4.574E-08 4.602E-08 4.628E-08 4.652E-08 4.673E-08
4.691E-08 4.706E-08 4.717E-08 4.726E-08 4.731E-08 4.734E-08 4.731E-08 4.725E-08 4.716E-08 4.703E-08
4.685E-08 4.664E-08 4.639E-08 4.611E-08 4.582E-08 4.551E-08 4.518E-08 4.485E-08 4.451E-08 4.419E-08
4.394E-08 4.379E-08 4.377E-08 4.390E-08 4.417E-08 4.456E-08 4.507E-08 4.569E-08 4.639E-08 4.713E-08
4.792E-08 4.880E-08 4.978E-08 5.080E-08 5.181E-08 5.278E-08 5.361E-08 5.426E-08 5.470E-08 5.490E-08
5.490E-08 5.476E-08 5.456E-08 5.438E-08 5.422E-08 5.409E-08 5.400E-08 5.394E-08 5.393E-08 5.394E-08
5.396E-08 5.398E-08 5.397E-08 5.388E-08 5.365E-08 5.323E-08 5.266E-08 5.200E-08 5.126E-08 5.043E-08
4.954E-08 4.863E-08 4.783E-08 4.723E-08 4.689E-08 4.681E-08 4.696E-08 4.724E-08 4.750E-08 4.767E-08
4.777E-08 4.781E-08 4.782E-08 4.782E-08 4.779E-08 4.774E-08 4.766E-08 4.754E-08 4.737E-08 4.716E-08
4.691E-08 4.662E-08 4.631E-08 4.593E-08 4.547E-08 4.496E-08 4.446E-08 4.402E-08 4.365E-08 4.334E-08
4.310E-08 4.293E-08 4.281E-08 4.269E-08 4.256E-08 4.242E-08 4.228E-08 4.214E-08 4.201E-08 4.188E-08
4.177E-08 4.164E-08 4.147E-08 4.124E-08 4.094E-08 4.056E-08 4.014E-08 3.972E-08 3.931E-08 3.889E-08
3.847E-08 3.803E-08 3.758E-08 3.711E-08 3.662E-08 3.612E-08 3.560E-08 3.508E-08 3.457E-08 3.407E-08
3.355E-08 3.296E-08 3.228E-08 3.150E-08 3.062E-08 2.969E-08 2.877E-08 2.793E-08 2.716E-08 2.646E-08
2.584E-08 2.527E-08 2.477E-08 2.435E-08 2.401E-08 2.376E-08 2.358E-08 2.346E-08 2.336E-08 2.321E-08
2.297E-08 2.262E-08 2.219E-08 2.172E-08 2.125E-08 2.081E-08 2.045E-08 2.019E-08 2.004E-08 2.002E-08
2.014E-08 2.038E-08 2.070E-08 2.103E-08 2.130E-08 2.149E-08 2.160E-08 2.165E-08 2.167E-08 2.168E-08

#
